9 1
10 1
13 1
32 1
33 2
34 3
37 4
38 5
40 6
41 7
42 8
43 9
44 10
45 11
46 12
47 13
48 14
49 15
50 15
51 15
52 15
53 15
54 15
55 15
56 15
57 15
58 16
59 17
60 18
61 19
62 20
63 21
65 22
66 22
67 22
68 22
69 22
70 22
71 22
72 22
73 22
74 22
75 22
76 22
77 22
78 22
79 22
80 22
81 22
82 22
83 22
84 22
85 22
86 22
87 22
88 22
89 22
90 22
91 23
93 24
95 22
97 22
98 22
99 22
100 22
101 22
102 22
103 22
104 22
105 22
106 22
107 22
108 22
109 22
110 22
111 22
112 22
113 22
114 22
115 22
116 22
117 22
118 22
119 22
120 22
121 22
122 22
123 25
124 26
125 27
126 28
61 29
34 30
48 3
49 3
50 3
51 3
52 3
53 3
54 3
55 3
56 3
57 3
65 3
66 3
67 3
68 3
69 3
70 3
71 3
72 3
73 3
74 3
75 3
76 3
77 3
78 3
79 3
80 3
81 3
82 3
83 3
84 3
85 3
86 3
87 3
88 3
89 3
90 3
97 3
98 3
99 3
100 3
101 3
102 3
103 3
104 3
105 3
106 3
107 3
108 3
109 3
110 3
111 3
112 3
113 3
114 3
115 3
116 3
117 3
118 3
119 3
120 3
121 3
122 3
38 31
43 32
45 33
42 34
47 35
46 36
48 15
49 15
50 15
51 15
52 15
53 15
54 15
55 15
56 15
57 15
98 37
120 38
46 36
48 15
49 15
50 15
51 15
52 15
53 15
54 15
55 15
56 15
57 15
60 39
61 40
61 41
61 42
62 43
48 22
49 22
50 22
51 22
52 22
53 22
54 22
55 22
56 22
57 22
65 22
66 22
67 22
68 22
69 22
70 22
71 22
72 22
73 22
74 22
75 22
76 22
77 22
78 22
79 22
80 22
81 22
82 22
83 22
84 22
85 22
86 22
87 22
88 22
89 22
90 22
97 22
98 22
99 22
100 22
101 22
102 22
103 22
104 22
105 22
106 22
107 22
108 22
109 22
110 22
111 22
112 22
113 22
114 22
115 22
116 22
117 22
118 22
119 22
120 22
121 22
122 22
124 44
9 34
10 34
13 34
32 34
33 34
34 34
35 34
36 34
37 34
38 34
39 34
40 34
41 34
42 45
43 34
44 34
45 34
46 34
47 34
48 34
49 34
50 34
51 34
52 34
53 34
54 34
55 34
56 34
57 34
58 34
59 34
60 34
61 34
62 34
63 34
64 34
65 34
66 34
67 34
68 34
69 34
70 34
71 34
72 34
73 34
74 34
75 34
76 34
77 34
78 34
79 34
80 34
81 34
82 34
83 34
84 34
85 34
86 34
87 34
88 34
89 34
90 34
91 34
92 34
93 34
94 34
95 34
96 34
97 34
98 34
99 34
100 34
101 34
102 34
103 34
104 34
105 34
106 34
107 34
108 34
109 34
110 34
111 34
112 34
113 34
114 34
115 34
116 34
117 34
118 34
119 34
120 34
121 34
122 34
123 34
124 34
125 34
126 34
161 34
162 34
163 34
164 34
165 34
166 34
167 34
168 34
169 34
170 34
171 34
172 34
173 34
174 34
175 34
176 34
177 34
178 34
179 34
180 34
181 34
182 34
183 34
184 34
185 34
186 34
187 34
188 34
189 34
190 34
191 34
192 34
193 34
194 34
195 34
196 34
197 34
198 34
199 34
200 34
201 34
202 34
203 34
204 34
205 34
206 34
207 34
208 34
209 34
210 34
211 34
212 34
213 34
214 34
215 34
216 34
217 34
218 34
219 34
220 34
221 34
222 34
223 34
224 34
225 34
226 34
227 34
228 34
229 34
230 34
231 34
232 34
233 34
234 34
235 34
236 34
237 34
238 34
239 34
240 34
241 34
242 34
243 34
244 34
245 34
246 34
247 34
248 34
249 34
250 34
251 34
252 34
253 34
254 34
255 34
9 35
32 35
33 35
34 35
35 35
36 35
37 35
38 35
39 35
40 35
41 35
42 35
43 35
44 35
45 35
46 35
47 35
48 35
49 35
50 35
51 35
52 35
53 35
54 35
55 35
56 35
57 35
58 35
59 35
60 35
61 35
62 35
63 35
64 35
65 35
66 35
67 35
68 35
69 35
70 35
71 35
72 35
73 35
74 35
75 35
76 35
77 35
78 35
79 35
80 35
81 35
82 35
83 35
84 35
85 35
86 35
87 35
88 35
89 35
90 35
91 35
92 35
93 35
94 35
95 35
96 35
97 35
98 35
99 35
100 35
101 35
102 35
103 35
104 35
105 35
106 35
107 35
108 35
109 35
110 35
111 35
112 35
113 35
114 35
115 35
116 35
117 35
118 35
119 35
120 35
121 35
122 35
123 35
124 35
125 35
126 35
161 35
162 35
163 35
164 35
165 35
166 35
167 35
168 35
169 35
170 35
171 35
172 35
173 35
174 35
175 35
176 35
177 35
178 35
179 35
180 35
181 35
182 35
183 35
184 35
185 35
186 35
187 35
188 35
189 35
190 35
191 35
192 35
193 35
194 35
195 35
196 35
197 35
198 35
199 35
200 35
201 35
202 35
203 35
204 35
205 35
206 35
207 35
208 35
209 35
210 35
211 35
212 35
213 35
214 35
215 35
216 35
217 35
218 35
219 35
220 35
221 35
222 35
223 35
224 35
225 35
226 35
227 35
228 35
229 35
230 35
231 35
232 35
233 35
234 35
235 35
236 35
237 35
238 35
239 35
240 35
241 35
242 35
243 35
244 35
245 35
246 35
247 35
248 35
249 35
250 35
251 35
252 35
253 35
254 35
255 35
48 46
49 46
50 46
51 46
52 46
53 46
54 46
55 46
56 46
57 46
48 47
49 47
98 37
48 48
49 48
50 48
51 48
52 48
53 48
54 48
55 48
56 48
57 48
65 48
66 48
67 48
68 48
69 48
70 48
97 48
98 48
99 48
100 48
101 48
102 48
120 38
9 34
10 34
13 34
32 34
33 34
34 34
35 34
36 34
37 34
38 34
39 34
40 34
41 34
42 45
43 34
44 34
45 34
46 34
47 49
48 34
49 34
50 34
51 34
52 34
53 34
54 34
55 34
56 34
57 34
58 34
59 34
60 34
61 34
62 34
63 34
64 34
65 34
66 34
67 34
68 34
69 34
70 34
71 34
72 34
73 34
74 34
75 34
76 34
77 34
78 34
79 34
80 34
81 34
82 34
83 34
84 34
85 34
86 34
87 34
88 34
89 34
90 34
91 34
92 34
93 34
94 34
95 34
96 34
97 34
98 34
99 34
100 34
101 34
102 34
103 34
104 34
105 34
106 34
107 34
108 34
109 34
110 34
111 34
112 34
113 34
114 34
115 34
116 34
117 34
118 34
119 34
120 34
121 34
122 34
123 34
124 34
125 34
126 34
161 34
162 34
163 34
164 34
165 34
166 34
167 34
168 34
169 34
170 34
171 34
172 34
173 34
174 34
175 34
176 34
177 34
178 34
179 34
180 34
181 34
182 34
183 34
184 34
185 34
186 34
187 34
188 34
189 34
190 34
191 34
192 34
193 34
194 34
195 34
196 34
197 34
198 34
199 34
200 34
201 34
202 34
203 34
204 34
205 34
206 34
207 34
208 34
209 34
210 34
211 34
212 34
213 34
214 34
215 34
216 34
217 34
218 34
219 34
220 34
221 34
222 34
223 34
224 34
225 34
226 34
227 34
228 34
229 34
230 34
231 34
232 34
233 34
234 34
235 34
236 34
237 34
238 34
239 34
240 34
241 34
242 34
243 34
244 34
245 34
246 34
247 34
248 34
249 34
250 34
251 34
252 34
253 34
254 34
255 34
48 46
49 46
50 46
51 46
52 46
53 46
54 46
55 46
56 46
57 46
48 47
49 47
48 48
49 48
50 48
51 48
52 48
53 48
54 48
55 48
56 48
57 48
65 48
66 48
67 48
68 48
69 48
70 48
97 48
98 48
99 48
100 48
101 48
102 48